FileName=LabeledData\YellowBlank1.png
RED=189.4234053330439
GREEN=149.74745830167518
BLUE=0.6101070950468541
crown=0
region=sand
